16 19 21 24 21
15 18 19 22 24 25 25
80 81 83 84 87 89 93
6 7 8 9 10 13 18
60 62 61 64 66 67
76 79 81 84 82 80
70 73 72 74 74
67 68 71 74 73 77
56 57 60 59 61 64 67 74
37 38 39 40 40 43
90 92 95 95 96 97 94
80 83 86 86 86
44 47 49 49 51 54 58
69 71 74 74 81
66 68 72 75 77
34 35 39 41 38
58 60 63 67 70 72 72
43 46 47 51 52 53 56 60
35 36 37 41 44 50
63 64 67 69 71 72 78 80
19 22 23 30 28
20 21 24 30 30
75 78 80 83 90 91 95
16 17 20 22 23 29 31 36
22 21 24 26 28
87 84 87 88 86
48 46 48 51 51
40 37 40 43 44 48
77 75 78 79 81 84 86 91
43 41 40 42 44
32 30 31 32 35 32 29
87 84 81 83 83
43 41 44 47 48 45 49
49 48 51 53 54 57 54 61
68 66 69 69 72 75 77
9 7 8 10 10 12 11
77 74 77 77 77
5 2 4 4 8
34 33 36 36 42
11 9 13 15 18 21
22 21 22 23 27 24
68 67 70 74 77 80 82 82
87 86 87 91 95
26 23 27 28 30 35
23 20 21 28 31
85 83 89 92 95 96 94
32 31 38 40 40
40 38 40 41 43 49 51 55
22 19 21 23 29 35
86 86 89 91 94 96 98
72 72 73 75 77 78 76
42 42 45 48 49 49
41 41 43 46 48 49 53
35 35 37 39 41 43 48
85 85 86 83 86 87 88 91
20 20 19 20 21 20
13 13 14 13 15 18 18
48 48 50 48 50 54
26 26 23 25 30
62 62 64 66 66 67
31 31 32 34 35 35 38 37
11 11 14 14 14
6 6 9 12 12 13 14 18
5 5 5 7 9 14
87 87 91 92 95 96 99
61 61 65 67 64
77 77 78 82 85 85
48 48 52 53 57
69 69 70 74 81
29 29 30 32 35 37 44 46
52 52 54 56 57 63 64 62
42 42 45 47 48 51 57 57
57 57 60 65 69
28 28 33 34 36 38 44
41 45 48 50 52 55 58
79 83 84 85 86 83
69 73 74 77 79 81 81
14 18 21 22 24 28
26 30 33 36 43
8 12 13 12 14 16 17
84 88 91 92 89 92 94 92
30 34 32 34 37 37
3 7 5 6 9 10 14
31 35 37 35 36 39 45
59 63 65 66 67 67 68
13 17 18 21 21 18
72 76 78 79 82 82 82
4 8 9 9 10 13 14 18
42 46 49 49 52 57
17 21 24 28 29
64 68 69 73 75 78 77
57 61 63 67 67
11 15 19 22 26
78 82 83 87 94
34 38 45 47 48 49 52
44 48 55 56 55
45 49 52 57 59 60 63 63
48 52 55 62 66
14 18 20 27 34
9 15 18 20 23 25
4 10 11 12 14 17 18 16
4 10 12 13 15 17 17
18 23 24 25 27 31
27 33 35 37 40 42 47
16 22 24 21 22 25 27
42 49 52 49 47
39 44 45 43 44 46 49 49
29 36 39 42 45 46 43 47
37 42 43 42 45 48 53
54 60 63 63 65
66 71 73 76 76 79 77
56 62 62 64 66 66
69 76 79 82 83 83 87
77 84 84 87 93
76 81 85 87 89 91 94
70 77 81 82 85 87 89 87
14 20 22 26 28 28
56 61 65 68 72
78 85 86 90 95
22 29 30 36 39 40 42 44
18 25 27 28 35 38 39 38
15 21 24 25 27 34 34
21 26 27 33 36 40
42 48 49 51 52 57 64
97 96 94 91 88 89
74 71 68 67 66 66
67 64 61 58 57 53
63 61 60 57 54 52 51 44
41 40 37 35 34 35 33
53 50 52 51 52
31 28 25 24 23 20 22 22
25 24 27 25 24 21 18 14
82 80 78 81 78 76 70
36 33 32 31 31 30
66 65 65 64 63 61 59 61
82 79 79 76 75 72 72
94 92 90 90 87 85 81
22 19 19 18 13
39 38 35 34 31 29 25 24
72 70 67 63 62 59 58 59
28 26 23 19 19
24 22 20 16 13 10 9 5
63 62 58 57 52
27 25 23 21 16 14 13 11
76 74 72 65 64 65
25 23 17 14 14
78 77 76 69 68 67 64 60
78 76 70 68 66 65 63 58
63 66 64 63 62 61 60 57
61 63 60 57 54 53 56
90 92 89 88 85 83 82 82
41 42 39 38 36 35 33 29
15 17 15 12 11 9 3
77 79 78 77 80 79 76
43 46 44 45 44 41 42
27 30 33 32 32
18 19 16 13 16 12
16 17 14 12 10 8 11 6
77 80 80 78 75
31 34 34 32 34
3 6 5 5 2 2
76 78 75 72 69 69 65
43 45 43 43 41 35
36 39 38 35 33 29 28
81 84 81 77 75 78
40 42 38 36 33 32 29 29
29 31 29 28 25 24 20 16
80 82 79 76 75 71 69 63
49 52 50 47 46 41 39
78 79 78 77 72 69 66 67
12 13 11 5 5
12 15 14 9 8 7 6 2
44 46 45 43 38 36 30
61 61 58 56 53 52 50 47
35 35 32 31 28 30
46 46 44 42 42
80 80 77 76 72
63 63 60 59 56 55 49
77 77 80 78 75 73
52 52 51 52 53
12 12 11 9 10 10
60 60 63 61 58 54
67 67 69 67 62
95 95 93 93 92 91
53 53 52 52 51 48 51
67 67 67 66 63 63
11 11 10 7 7 3
26 26 23 21 20 20 13
80 80 78 74 73 72 70 67
54 54 53 49 52
63 63 62 59 55 53 53
61 61 57 55 51
69 69 68 66 62 55
85 85 82 75 74 73 72
47 47 42 40 39 37 34 36
60 60 59 58 55 52 47 47
77 77 75 69 68 64
53 53 52 45 44 43 36
43 39 36 33 30 29 26 23
65 61 60 57 54 56
55 51 48 47 45 42 42
52 48 47 45 43 41 37
29 25 24 23 22 17
38 34 37 35 32 29 28 26
24 20 19 17 15 14 17 20
33 29 28 25 26 26
38 34 35 32 31 27
33 29 27 24 23 24 23 17
36 32 32 31 29 26
13 9 8 5 3 1 1 4
6 2 1 1 1
78 74 73 72 72 70 69 65
44 40 40 37 30
41 37 33 30 28
88 84 83 79 78 75 73 74
12 8 4 2 1 1
65 61 57 54 50
85 81 77 74 68
76 72 66 64 62
97 93 90 87 81 84
64 60 53 51 48 48
56 52 50 45 43 39
56 52 49 43 40 39 36 30
60 53 51 50 48
36 31 29 26 25 24 26
55 50 48 47 44 42 41 41
90 85 83 81 77
89 82 80 77 70
56 49 52 49 47
9 3 5 3 6
9 4 5 4 4
18 12 14 12 8
66 59 58 56 53 54 49
97 90 88 87 84 82 82 80
60 55 53 52 52 54
12 5 5 4 4
26 19 19 16 15 11
68 62 60 57 56 56 54 47
59 52 48 46 45 42
21 16 12 9 12
99 92 91 88 84 81 81
58 52 49 45 43 42 38
48 41 38 36 35 34 30 23
31 26 24 18 15 13
18 13 11 6 8
99 93 88 85 84 84
85 78 75 73 68 64
86 81 75 72 66
5 9 7 9 6
22 26 29 32 29 31 34 34
22 29 30 32 34 39 45
52 45 43 41 40 37 32 34
30 32 34 39 43
11 16 18 22 22
68 72 75 76 79 82 86 85
69 74 76 80 84
65 65 63 61 57 55 53 48
26 25 20 17 15 12 9
27 29 28 23 21 16
49 53 54 57 59 62 66
72 72 73 80 82 85
44 47 49 50 54 55 57 57
20 19 17 19 21
18 18 22 24 26 29 31 32
48 52 54 54 56 56
72 76 79 78 84
64 60 57 53 48
48 44 42 40 37 33 32 35
52 52 48 45 44 41 38 40
70 76 78 80 80 87
55 54 52 48 44
39 38 32 31 30 28 22
8 8 5 1 1
43 48 50 53 57
29 32 29 27 28 26 27
44 49 51 53 60 61 65
16 17 10 8 8
36 31 28 25 22 20 20 17
61 54 51 44 42 39 35
96 90 88 84 83 80 79
55 58 57 53 50 50
41 46 48 50 48 54
7 11 12 14 14 17 23
79 82 81 77 74 77
34 28 24 21 22
77 81 84 86 87 90 94 94
67 74 77 79 80 83 87 90
94 90 89 84 80
65 64 63 60 60
40 44 47 48 52 53 55
35 35 34 33 32 29 27 29
75 82 85 88 90 89 88
92 88 88 87 86 83 80
99 92 91 86 84
11 9 6 2 5
57 57 50 48 44
21 18 19 23 28
30 33 31 31 30 27 23
22 22 22 19 14
61 57 54 54 52 45
81 81 84 82 80
93 93 90 88 91 90 87 83
29 36 40 41 47
84 83 84 86 86 88
33 37 38 45 52
56 60 64 65 66 67 71
98 98 97 96 96 94 94
96 89 86 84 77 74 68
51 45 44 43 36 36
66 63 70 73 79
84 79 76 74 71 71 70 70
27 23 22 19 14 13 10 5
91 84 83 82 80 76
13 14 17 20 21 26 26
96 97 96 93 89 88 86
39 45 46 43 44 45
87 80 76 75 72 72
86 88 89 90 92 93 92 91
45 45 48 50 57 54
65 63 65 67 70 67
38 34 32 32 30 27 25 21
17 21 23 20 22 23 26 28
65 66 71 74 75
6 6 9 12 15 18 22
76 78 76 78 80 81 88
32 25 24 22 21 21
49 50 52 54 54 56 59 59
16 13 16 19 20 27 29
71 71 73 71 70
75 69 66 66 65 58
58 55 57 60 61 64 66 73
52 53 53 51 48 47 44
28 21 19 17 15 11 7
57 60 61 64 61 63 65 69
8 5 8 9 10 14
65 58 56 56 53 51 54
68 67 69 76 80
21 21 21 18 17 14 12 8
67 66 68 66 63 60 54
26 27 25 20 19 17 14 16
31 30 33 34 34
53 55 59 62 60
96 92 95 93 90 89 83
13 18 20 23 26 25 29
36 36 36 35 36
61 61 58 56 52 49 46
38 35 38 41 38 40 39
11 14 13 10 8 2
11 14 15 21 18
50 53 53 51 48 47 47
27 25 23 25 23 26
48 48 45 44 45 42 45
66 62 61 59 54 51 53
6 6 8 5 7 8 9 14
67 67 65 68 69 72 72
66 64 65 66 73 70
94 92 94 95 97 99
90 89 86 85 84 82 82 78
77 77 81 84 87 87
31 36 38 36 39 41 42 42
73 69 68 67 68 66 66
14 12 11 10 7 4 6 6
29 25 23 22 19 17 16 10
80 81 80 78 79 79
9 7 7 9 10 7
88 84 81 79 79 79
27 28 29 32 33 35 38 42
13 11 8 8 6 5 8
30 37 44 47 48
53 54 61 62 65 68 74
54 54 51 44 41 38 35 35
38 38 35 30 28 25 28
83 90 93 96 94
70 74 75 77 80 81 82
71 74 71 70 68 67 68
35 35 33 36 39 41 45
32 29 27 23 23
45 49 51 53 56 61 61
20 20 18 19 13
64 60 58 55 52
2 2 2 5 6 10
68 69 67 65 63 63
67 71 74 76 79 79
42 37 34 32 31 29 28 26
24 28 31 35 37 40 42 49
79 77 80 80 80
58 51 50 50 47 46 42
23 28 35 37 40 43 43
26 30 31 33 32 35 39
53 55 58 58 62
88 82 80 78 75 77 75
70 68 69 70 70 72 79
27 29 31 31 34 36 38 39
3 4 5 6 7 9 9 15
46 45 41 38 37 31
51 52 52 55 56 59 56
69 68 69 73 73
78 84 86 86 88 89 93
14 7 9 8 6 3 6
28 26 24 22 19 16 15 11
86 86 81 78 75 74
50 43 39 37 35 30
54 60 64 65 66 63
54 54 51 48 45
74 74 74 77 80 81 82 81
21 21 18 14 11 9 5
49 54 55 57 57
79 78 77 75 74 71 70 64
15 15 18 20 22
98 91 90 89 87 86 89 83
95 91 90 86 83
69 67 71 73 76 80
57 57 55 52 52
74 74 75 78 82 79
47 43 45 43 41 40 38 39
70 74 76 78 79 79 83
88 88 90 93 94 93
83 83 85 86 86
55 56 57 58 62 64 67 68
86 86 91 94 94
75 76 77 74 77 80 83 86
51 58 58 61 64 67 68 68
67 63 62 61 59 56 54 50
97 91 89 88 87 86 79
54 47 45 48 47 44 42 38
22 19 22 19 20 22 26
29 26 24 23 20 13 11 11
3 3 4 6 10 16
52 56 57 62 66
94 96 96 93 88
70 70 70 73 76 79 79
36 35 38 37 36 33 31
31 31 32 35 36 41
17 14 12 11 8 6 9 5
96 92 91 84 81 81
76 72 68 66 65 65
1 4 6 7 11 12 16
57 52 51 50 52 51 51
1 5 6 7 9 12 15 14
66 66 69 68 70
47 43 42 35 33
59 57 59 64 65 67 67
19 19 19 21 24 26 28
51 51 49 47 40
52 50 47 47 47
92 89 89 86 81
34 30 33 32 29 25
6 10 13 14 15 20
51 47 46 44 40 37 36 32
62 58 58 56 53 50 52
26 26 24 23 20 19 15
36 34 33 32 25 24 23 26
53 54 55 56 56
29 29 30 27 25 25
70 75 77 79 85
18 18 16 16 13 10
80 85 87 90 91 94
56 59 56 56 54 52 55
22 18 20 18 17 16
12 10 11 14 18 20 21 22
94 96 93 86 85 83
54 56 54 52 51 53 51 49
72 75 71 69 66 64 58
41 45 46 47 54 56 59
71 71 75 77 81
14 17 16 13 15 11
4 4 9 10 12 16
71 72 73 76 79 76
67 69 66 67 65 58
32 34 31 30 29 28 25 23
38 35 35 33 30
48 49 52 55 58 59 62 67
45 51 52 52 54
28 34 36 38 38 36
12 15 11 9 5
36 33 36 37 41 43 46 43
91 90 86 83 80 77
48 55 61 63 64 66 65
55 55 56 56 62
64 64 59 58 57 56 50
16 13 11 10 7 5 8
26 26 31 32 34 41
58 57 50 48 46 42
23 19 18 16 17
15 18 21 24 27 29 32
63 60 57 55 54 52 51
84 82 80 77 76 75
40 42 44 46 48 51 53
91 89 86 84 81
37 40 41 42 45 46 49 52
90 87 85 84 83 81 78 76
9 10 11 13 14 16
35 34 31 28 26 24 22 21
96 95 93 90 87 86
45 46 49 52 53 55 57
54 56 58 61 62
44 47 48 50 53
79 81 82 83 86 87
15 17 18 19 22 25 26 27
26 29 30 33 35
90 89 87 86 85 83 80
79 80 82 83 84
42 45 47 49 50
89 88 87 86 83 82 80
22 23 24 26 28
51 48 46 43 40 37 36
1 3 5 7 8 10 12
87 84 83 81 80 78 77 76
76 74 71 69 66 63 61
20 21 23 26 29 31 33 34
48 47 45 42 41 40 39
56 53 52 51 48 45 42 39
31 32 34 36 39 41
40 37 35 33 30 27 25 22
76 74 73 70 68 66
67 64 62 60 59
35 34 31 28 25 22
93 91 90 88 85 83 81
7 10 11 14 16 17 20
37 35 34 31 28
58 59 60 63 64 66 68
13 12 11 9 7 5 4 1
80 77 74 73 71 68 65 63
93 91 89 88 87 84 81 79
87 84 81 78 77 75
70 72 75 78 80 82 83 86
69 67 65 63 60 59 56 53
23 20 17 16 15
64 65 68 70 71 72
79 80 81 84 86
15 18 21 23 25 27
39 36 35 33 30 27 24 22
54 53 51 50 47
68 67 65 63 61 59
99 97 95 93 92 91 88
71 68 65 63 61 59
66 64 63 60 58 57
51 53 56 58 61 63
84 87 89 91 92 95
30 31 34 37 38 39
57 58 59 61 63 66
62 64 65 68 70 71 72 73
23 21 20 17 15 14 12 11
53 56 58 60 62 63 64
76 74 72 70 68 66 64 61
88 85 84 83 80 78
41 38 37 34 33 31 29
33 35 37 39 42 45
34 32 29 26 24
95 93 90 87 84 82 79 78
21 24 25 28 31
83 86 88 91 94 96 98
83 81 79 78 77 74 71 69
84 83 80 79 76 75 74
35 32 31 28 26 23 22 20
48 46 44 41 38 37
89 91 93 94 97 99
14 16 17 18 20
23 22 19 16 13 10
78 80 81 82 84 85 88
25 23 22 21 20
33 32 29 28 26 24 21 19
80 78 76 73 72 69
82 81 79 78 76 73
54 51 48 45 44
34 32 29 27 24 21 19 16
70 69 66 63 61 58 55 52
29 26 24 21 18 15 13 12
81 84 86 87 88 91 93 94
85 82 79 76 73 70 68 67
82 81 80 77 76 75 72
42 39 38 36 35
71 74 77 80 81 83
32 35 36 37 40
59 57 54 53 52
36 33 31 30 27 25 23
89 86 83 81 79 76 74 73
76 77 80 83 86 88
72 70 69 66 65
27 25 24 21 19 16
57 60 63 66 69 70 73 75
34 35 36 38 40 43 46
26 28 29 32 35 37 38 41
14 12 9 7 5
11 14 17 18 21 24
47 45 42 39 36 33
52 55 58 59 60 63
83 81 80 78 76 74 71 70
10 11 13 15 16 17 20 22
67 66 63 61 58 55
83 86 89 91 93
78 81 84 87 89
51 49 46 45 42 40 38
69 66 63 62 61 60 58
69 70 72 75 78 80 83
26 29 30 33 34 35
48 45 43 41 38
76 73 70 69 67 66
67 70 73 76 78 81
48 46 43 41 38 36
77 75 73 70 69
4 6 9 10 12 14 17 20
21 23 24 27 29 30 31
77 75 74 73 70 69 66
18 17 16 14 12
46 44 41 39 38
29 26 25 24 21 19
5 7 9 10 11 12 14 15
67 64 63 60 57 55 54
26 29 30 31 33 36 38
27 29 30 32 35
27 25 23 22 20 19 16 14
51 53 55 58 59 60
22 19 17 16 15 12 11
29 26 23 22 19 16 14 12
5 7 9 10 13
51 52 55 56 57 58 59
46 49 50 53 54 57 58
48 47 46 45 43 42 40 37
57 59 61 63 66 69
60 58 55 53 51 48 47
89 88 86 85 82 80 79
47 45 42 41 38 36 34
93 92 89 86 85 83
46 49 52 54 55 57 58 60
47 49 51 54 57 58 61 62
35 38 41 42 45 48 49
45 47 49 52 55 58
60 57 55 52 51 49 47 44
62 61 58 56 55 53 50 47
49 47 44 43 40 39 38 37
56 53 50 49 48 46 44 41
42 41 39 37 34 33
57 55 52 50 47 45
86 83 81 78 75 73 70
13 12 9 8 7 4
4 5 6 8 11 13 16
25 23 22 19 17 16 14
85 88 89 90 91 92 93 96
89 88 85 84 81 79 78
37 39 42 43 46 49 50
78 76 73 71 68 67 66
44 45 48 49 51 54 57
61 60 58 56 55 54 52 50
13 16 19 20 23 24
50 47 44 43 41
21 23 24 27 28 31 34
22 25 28 31 32
25 26 29 31 33 35
87 89 91 93 95 98
16 17 20 21 23 24
71 72 75 78 80 81
79 82 84 85 88
69 66 63 60 59 57 54 53
42 40 39 37 34 33 30
62 64 67 68 70 71 74
22 24 27 30 33 34 35
13 11 10 8 7 5
98 97 94 92 91 90
24 27 30 32 34 36 38 40
7 10 11 12 14 15 18
75 76 79 80 83 86 89 90
17 14 12 11 8 7
60 61 62 64 65 66 68
67 68 71 72 74
50 53 54 55 56 58
68 65 64 61 60 58 55 54
85 84 83 82 79
54 57 58 60 61
70 71 74 76 78 81 84 86
28 27 26 23 22 21
88 90 91 93 96 99
39 38 37 36 33 31 30
41 43 44 46 47
70 68 65 63 60 59 58 55
61 60 59 57 55 53 52 49
54 52 51 50 47 45 44
11 14 15 18 19 20 21
76 73 70 68 65 64 61
45 46 49 52 53 54
51 50 47 44 41
27 29 30 33 36 38 39
27 25 22 21 20
56 57 58 60 63 65 66 67
8 6 5 3 1
51 49 46 45 42 39 38 36
75 73 71 68 65
77 78 81 82 83
74 72 69 68 65 63 61
19 21 24 25 27
24 26 28 29 32 33 36 39
57 56 55 52 49
63 62 59 57 56 53
44 47 49 51 53 54 55
26 25 22 19 16
78 76 73 71 68 66
74 72 69 68 66 63 60
32 33 35 36 37 39 40 41
24 26 28 29 32 35
65 63 62 61 60 59 56 54
53 50 48 47 46 43
61 58 56 55 53 52 51 49
48 46 45 43 40 38
15 12 11 8 6 5 4
31 28 26 23 22
54 55 56 58 60 62 63 66
65 67 69 72 74 76
46 49 52 54 56
35 34 32 29 26
12 11 9 6 4
19 18 16 13 10 9
35 32 31 30 29
51 53 55 56 58 60 62
23 20 19 16 14 11
14 17 18 19 21 23
3 4 7 9 10 13
37 35 32 31 28 26 24 22
17 20 21 23 24 27
37 40 42 44 47 48 51 52
77 76 73 71 70 69 66
91 90 88 87 86 85 82 80
71 68 65 62 59 58 57
6 8 10 11 13 16 17
28 29 31 34 37 39 41 44
2 5 8 9 10 13 15
67 65 63 62 59 56 53 51
5 6 9 10 13 16 19 21
84 86 87 90 91 93 95 97
46 47 49 52 54
74 72 71 70 69
8 9 11 14 17 19 20 23
28 25 22 19 18 16 15
29 30 32 33 34 36 37 40
73 74 75 77 79 82
37 36 35 34 32 30 27
15 16 17 18 20
71 70 69 66 65 63 61
26 24 21 18 15
66 69 72 75 78
94 91 90 89 87 86
46 48 49 51 52 55 58
27 24 22 19 17 16 13
65 66 68 71 73 76 79
59 58 56 54 53 51
35 36 39 40 41 43 45
22 25 27 29 31 34 36 39
33 35 36 37 38
88 87 86 84 81 79
43 40 38 35 32 30 27
34 36 39 40 43 45 47
27 26 24 23 21 18 15 14
56 55 54 52 49 48 45 43
26 27 30 33 36 39
87 90 92 93 94 97 98 99
67 66 63 62 60 58 55
86 84 81 80 77 75 73
64 61 58 57 55
64 65 67 70 72 73
86 89 92 94 96 99
50 47 46 44 42 39 37 36
77 80 82 85 87 89
69 66 65 63 60
33 36 37 39 41 43 45 46
73 74 75 78 81 82
52 49 48 45 42 41 38 35
23 20 19 18 17
34 36 37 38 41 44
52 54 56 57 60 62 64 67
15 18 19 20 23 25
13 12 11 8 6 3
15 16 18 21 24 26 27
64 66 69 72 73 76 79 80
40 41 43 45 46 48 50 52
24 26 29 31 33 34 36
52 50 48 46 44 41 40 37
24 21 18 15 12 11
77 80 81 82 84 85 87 88
59 56 55 54 53
51 50 47 45 42 40
66 69 70 73 75 77 79 80
43 46 49 50 51
62 64 67 69 71 73 75
66 68 71 74 76 78 79 80
14 12 9 7 4
26 29 31 33 36 39
70 71 74 76 77
82 83 86 89 91 93 95
55 52 51 49 48
18 17 16 13 11
26 28 29 32 35 36 39
34 37 38 41 43 44 47 48
61 64 65 68 69 71 73
84 86 88 90 93
52 55 56 59 61 64 65 68
16 18 21 23 26 28 30 32
9 12 13 16 18
20 21 23 26 28 29 30 33
89 88 85 84 83 80 78 76
71 70 67 65 62
36 34 32 29 27 25
86 84 82 81 78 77
36 39 40 43 45 47 48
80 77 76 73 72 71
24 21 20 19 17 14 12 9
39 37 35 34 33 30 27
44 47 50 51 53 56 58 61
66 64 62 59 58 56 53 50
62 60 58 56 55 52
67 69 72 75 77
62 64 66 67 68 69 70 73
41 43 45 48 51
40 42 43 45 47
33 35 37 38 40 41
17 18 20 23 24 25 28 30
16 17 19 21 23
57 59 61 64 66 68 69 72
99 96 94 93 90
76 77 80 81 82 83 85
21 19 17 15 12 11
65 68 71 73 76 79
7 10 11 14 17 20 21
80 79 76 73 70
76 79 81 83 84 87 89
82 81 79 76 75
50 47 45 44 43 42 40
97 95 93 91 89 86 83
88 89 91 93 95 96
13 11 9 7 6 3 2
74 76 79 82 85 87 90 93
93 90 88 87 85
51 49 46 44 43 40 39
6 7 10 13 16 17 20
77 75 73 70 69 66 64 63
30 33 34 35 38
49 51 52 54 56
22 24 25 28 30
18 19 22 24 27 30 33 35
83 84 87 89 92
32 35 36 37 40 43
18 17 16 14 13 10 9
53 51 49 46 45 42
64 65 68 70 72
72 69 68 65 64
55 53 50 49 46 43 42 39
53 52 50 48 45 42 39
71 73 75 78 81
83 85 86 89 91 94
84 85 87 89 92 93
27 24 23 22 19 18
19 22 24 26 27
58 57 56 55 52 49 47
80 79 76 75 74
89 86 83 80 77 74
18 20 21 22 25
30 29 27 26 24
79 80 81 82 83 86 88
83 81 78 77 76 73 71
7 8 11 13 16
28 27 26 25 22
27 30 31 32 34 37
87 86 83 81 80 79 78 75
19 21 23 26 27 30 32
38 40 43 45 48 51 52 55
1 2 3 5 6 8 10
24 21 19 16 14
61 59 56 54 52 51 49 48
39 37 34 32 30 27 24
41 43 44 45 47
86 85 84 81 80 79 76 74
38 41 44 45 46 49 51
50 53 54 57 58 59 62 65
88 89 90 91 94 95 98 99
73 76 78 81 83 85
34 35 36 39 41 42
26 29 30 33 34
49 46 44 41 40
66 69 70 73 75 76 77 78
31 34 37 38 39 41
58 60 63 65 66 68
75 73 72 71 70 69 66 63
68 71 73 76 79 81
50 52 55 56 57 58 61 64
98 95 94 93 90
40 37 34 32 30
73 76 77 80 81 84 85
65 64 63 61 59 58
52 53 55 57 58 60 61 63
66 69 72 73 74 77
77 76 73 71 68 67 66 63
20 17 15 14 12 10 8
69 67 65 63 62 61 59 56
89 86 84 82 80
46 47 48 51 53 54 56
72 69 68 65 64 61 59 56
33 35 37 40 43 46 48
62 60 58 56 55 54 53 50
99 97 96 93 92 90 88
39 42 45 47 48 51
74 75 76 79 81 82 83 86
64 66 67 69 72
38 35 34 33 30
19 16 14 11 9 7 6 5
66 65 62 60 57 55
34 32 31 30 27
76 75 74 73 71
29 30 33 34 36 38
33 36 39 41 44
25 26 28 29 31 33 36
13 11 8 7 6 4
94 92 89 86 84 82
54 51 50 49 46 44 43 41
2 3 5 8 11 12 15
30 31 34 36 38
20 23 26 29 30 32 35 36
61 64 65 68 71
51 54 57 60 63
21 22 23 26 27 30 33 35
17 20 22 25 28 29
44 42 39 36 34 31 30 29
27 24 21 20 19 17
32 30 29 28 26 24 21 19
44 45 48 50 53 54 56
89 86 83 81 80 78 75 72
70 67 64 63 62 60
52 53 54 57 59
27 29 32 33 36 39 40 42
32 34 35 36 39 42 45 48
61 64 66 68 71 72 74
33 30 28 27 24 23 20
31 29 27 24 21 19
21 20 19 17 15 12
42 44 47 50 53 55 56
77 79 80 83 86 87 88 91
37 36 33 31 30 28 27 24
13 16 19 22 25 26 29
35 34 33 32 29 27 25
50 52 53 56 57 59
77 74 72 70 69 68 65
88 91 92 93 96
76 78 81 82 83
64 66 68 69 70 73 74 75
68 67 66 65 62 60 58
57 56 55 52 50 48 46
61 59 58 56 53
15 12 9 6 5 3
70 68 66 64 61 60 57 54
75 78 81 83 84 85 87
24 26 27 29 30 31 34 36
53 56 59 60 63 66
1 3 5 7 8 9
89 87 84 82 79 78 76 75
30 27 25 22 21
37 36 34 31 30 29
19 18 15 12 11 8 7 6
60 58 55 54 52 50 48
7 8 9 12 15 17
89 90 93 94 96
27 24 23 22 21 19 17 16
22 20 19 18 15 14 12
85 86 88 90 92 95 96
38 39 40 42 45
24 25 28 31 33 34
70 69 68 67 65 63 62
15 13 12 9 7 4 2
49 48 45 42 41
57 60 62 63 66 68
31 34 37 38 40
27 28 29 30 33 36
36 34 31 30 29 28 27
53 51 49 46 43
95 92 90 88 85 83
74 73 72 70 67 64
23 20 17 16 14 13
95 92 89 87 85 82 81 79
36 35 34 32 31 30 29
50 52 54 57 60 63 64
58 61 62 63 64 65 68 70
39 40 42 43 45 48 51
85 84 81 79 77 74
45 46 47 49 52
15 16 17 20 21 22
86 83 80 78 76 73 70 68
51 54 57 59 62
71 73 76 77 79 80
68 69 72 74 77 78 79 81
13 11 8 6 5 3
50 52 53 56 57 59 60
60 62 64 66 69
80 83 84 86 88
8 10 11 14 16
43 46 47 50 53 56
55 54 51 50 48 45 43
66 68 71 74 75
84 86 87 88 90 93
38 37 36 33 30 27 26
29 31 34 37 39
12 10 9 6 4
72 69 67 65 63 62
23 25 26 29 30 32
70 71 74 77 80 81 84 87
