28636455986: 659 218 6 1 724 6
662931049977: 82 94 5 86 499 77
1570247991: 1 24 335 9 2 9 7 1 6 3 27
19879: 8 4 615 29 172
194304508: 194 304 449 3 55
1906777: 7 6 737 7 3 74 8 98 81 8
730: 4 46 59 431 56
854509043: 89 1 50 8 73 3 544 9 9
2174210: 75 414 5 14 689 8 13
6982874: 65 4 815 4 99 872 4
6574635: 66 3 9 658 7 6 68 18 9 5
53247: 4 4 5 11 687 58
66830: 6 8 8 277 3
149591522: 7 35 181 178 9 78 39
11665593252: 1 166 559 3 251
6165898: 9 3 85 1 65 93
595216328: 46 130 391 33 935
394382: 956 5 478 75 31
284530: 728 41 74 5 3
1095476: 9 441 3 92 32
83098405: 5 37 2 6 7 220 4
1299487475923: 61 75 66 71 8 9 8 5 8
232687460: 8 31 28 741 5 1
95166318: 5 6 7 8 9 2 3 3 9 286 5 78
4987910982: 69 753 406 96 8
9081077: 39 1 3 8 99 98 2 3
46173790364056: 8 548 2 7 6 115 1 5 62 9
1021998: 8 9 1 9 5 88 3 7 98 615 2
47331649: 7 3 36 86 728
1723532: 997 1 725 5 29
882630501: 5 929 7 6 9 2 250
168788: 53 66 48 881 1
26803527: 335 8 260 2 8 7 75 9
747: 22 148 57 5 8 9 3
12636: 66 7 5 32 953
13771523: 11 837 2 812 3
1227189579184: 40 19 882 64 9 4 2 53
806339524: 69 555 4 8 94 7 2 2
413: 80 3 29 138 6
84132: 840 65 5 59
106764: 193 18 6 36 82
44055678024: 6 3 177 8 7 3 1 3 60 2 6 1
119148153255: 87 288 78 7 9 4 3 5 5 2 2
83345: 9 2 9 5 4 4
137025912: 6 3 71 3 897 38 19 1
56112: 9 9 6 6 3 59 68 1 1 2 40 8
8488: 74 43 3 80 8 954
232070278: 8 122 23 60 9 33 415
30177: 2 33 76 6 9 72
911255: 7 716 21 15 4 262 14
641216515942: 8 8 121 65 149 10 39
581064266: 5 14 83 64 17 7 90
315518879: 6 21 1 508 8 1
4341928951: 1 7 4 709 5 2 2 86 3 3 9 9
557275179: 97 1 45 433 2 91 5 9 9
1050319: 21 1 7 79 9 9 88
1304210: 12 95 5 4 213 1
796494: 7 949 37 55 992 5 504
3678528: 7 8 9 476 23 14
494920942: 247 460 2 94 2
629: 6 53 292 10 9
137739944: 274 93 501 2 9
49785323: 138 6 931 823 60 85
110442136: 2 6 1 92 413 8 36
17380362: 601 288 683 2 3 27 60
149520551: 60 70 356 34 518
146160266: 6 4 44 140 268
2248: 23 160 1 98 8
809325: 11 6 628 115 75
691007548: 690 9 2 9 5 53 8 1 5 4 6 2
114369063530: 1 2 6 2 89 32 463 31 2
14519557583: 1 8 21 5 2 16 589 9 2 2 7
10887: 71 37 87
61582299: 3 205 11 71 300
1126720270: 35 96 161 80 4 268
4130102: 274 94 40 5 6 5
35103197: 182 5 34 9 743 31 5 6
1385677659: 8 614 31 27 91
50582520: 493 2 57 80 9
440270811: 17 70 874 180 5 808
3787627581: 835 6 618 77 3 15 8 2 2
1633632: 119 355 2 39 88
1301039791: 348 43 7 4 153 2 71 5 2
945072: 182 1 69 499 72
3665697: 24 3 863 450 9 5
3226346: 37 7 3 633 348
20081960112: 13 414 27 5 729 9 9 47
1035167: 343 30 32 29 67
20165932: 2 360 7 6 5 5 4 78 55 1
25453569628: 8 6 6 9 2 5 5 17 5 521 1 5
547148: 7 2 1 3 7 81 122 88 5 28
256061737: 4 7 5 5 38 2 558 21
208963: 11 527 82 9 2
93589998: 9 358 934 33 4 325
22788216: 1 26 50 7 59 8 7 207 2 6
40014710103: 597 8 4 722 8 837 3
91500123121: 982 815 5 19 490 71
1789557: 8 3 20 5 542 3 3 954
8093239942: 185 80 620 2 7 3 7 7 6 4
23070371559: 167 687 4 58 206 27
7999686789: 14 9 7 4 3 3 77 692 8 8
277808447: 56 5 571 141 16 2 1 92
10293232: 141 3 785 669 7
293216: 487 937 72 2 98
1124: 314 46 215 5 544
31593239: 4 513 315 7 31
9173520: 9 2 6 73 4 31 822
9304: 8 60 61 368 1 213
75183382: 69 86 596 83 383
12771: 3 8 6 6 803 601 2 4 93 6
11656771797146: 963 3 695 7 121 149
4344688: 995 9 1 740 58 9 2 59 7
59708838585: 150 449 9 3 1 55 597
115233: 771 9 250 2 9 1 2 7 7 8
2590011212: 907 6 91 523 7 8 7 4 65
32111: 3 27 75 58 197
1487529: 1 4 3 1 8 9 50 4 4 1 9 6
5509318: 36 739 7 77 82 649 6 3
48889: 9 695 8 68 474
2040619: 9 287 79 4 9
45506270: 31 1 911 7 223
136853: 2 727 9 5 6 5
44352: 4 428 9 7 99
885935: 2 93 84 37 3 155
6510831991: 91 701 85 9 71
7046: 28 7 22 2
154251216: 9 56 882 347
7625: 761 8 4
1873216: 2 4 1 3 3 303 6 97 6 3 9 9
392238: 8 7 47 3 576 63
1876019: 2 6 776 27 760 579 23
690991: 3 937 735 85 6
31549: 3 21 5 43 9
14714323: 24 593 38 9 7 597 2 63
275736: 792 1 57 755 6
73081083: 3 805 32 96 8 6 4 60 6
93971: 4 2 7 924 7 1
6839: 81 8 8 59 466 650
31242459920: 3 521 309 774 36 595
974557673: 29 192 53 7 364 175
5323737331: 358 233 526 367 9 28
2783: 38 568 1 3 9 946 7
1433733450305: 5 2 5 5 7 29 96 4 96 5 9 7
56806742398: 8 5 3 57 3 8 9 606 571 4
35087982828: 1 55 820 2 26 1 9 778
2417504: 24 5 87 52 2
48216: 19 7 9 2 5 7 2 2 2 7 5 14
6532684: 8 8 32 3 8 9 70 2 2 2
61376760724: 78 8 3 6 55 5 232 724 1
6206: 67 9 8 706 66
33710331177: 5 674 9 949 382 178
140083: 41 34 9 58 6 9
72880509: 797 8 445 120 5 35 2 6
3280836: 5 2 682 61 7 1 620
208554: 16 2 50 13 55 2
37140740: 75 78 49 85 32 8
1119249: 13 1 22 52 205 69
632071454: 5 877 99 8 26 2 7
3263294216: 48 91 640 59 4 219
716060790530: 923 888 606 873 530
58143: 3 4 3 2 850 71 2 6 6 4 1 2
699944717: 8 871 30 5 9 468 5 35
38294973: 7 9 78 12 48
7168950: 11 79 89 895
1337390634: 2 7 5 6 2 2 9 3 2 53 9 33
455922240: 8 4 3 637 7 8 4 20 71 2
1617: 70 44 5 5 466
1595538: 67 9 7 7 54
3673911330: 3 4 591 8 2 3 4 5 37 2 2 8
3713445: 3 50 7 344 2
181500518: 939 7 53 5 724 958
52676: 62 7 63 57 1 7 1
19558961: 2 88 97 5 3 7 7
7005656: 699 9 6 363 291
599149911: 5 3 76 56 6 9 38 96 2 2 9
1260683: 3 2 4 2 3 7 13 6 61 4 87 4
2494172856: 393 93 9 8 9 853
1344370810: 8 8 4 9 695 31 8 5 6 4 7 2
5008545: 879 814 7
1102603001: 64 8 5 90 170 1
406689: 3 6 9 82 681 9
334637718: 3 4 5 5 7 8 7 3 716 54 1 8
117251024: 67 7 2 125 287 737
7282759689: 421 3 4 9 3 8 355 56 3 6
10200401503: 2 956 638 345 8 387 8
70142127510: 81 4 65 79 9 5 861 524
1473304140: 427 7 381 162 55
16574845335: 58 1 96 122 94 244
346544: 41 285 46 582 14 358
4982792: 676 7 5 2 6 9 3 8 7 74 9 5
296153: 8 782 374 126 2 563
2504885631: 2 22 73 8 7 4 8 8 22 6 3
1288450800: 860 2 12 270 6 910
118129754: 122 636 962 6 9 3
25391291184: 49 16 4 61 9 7 6 56 9
4237630: 6 5 21 6 23 5 97 9 2 48 7
45925: 7 9 287 2 3
53630: 79 662 58 686 588
8764584: 49 7 8 86 9 63 3 6 1 3 6
4554819300: 2 444 35 752 505 388
3865778: 5 90 6 416 82 233 38
4512811358: 643 84 373 3 7 32 62
11739249065: 90 4 78 709 183
9620: 1 797 405 8 4
147921728: 8 8 4 85 4 4 39 8 8 4 848
2492: 8 2 1 5 8 8 64 75 34 8 7
715968428: 22 6 9 64 22 6 6 2 25 78
110575876670: 6 9 95 575 868 8 6 7 1
1755: 844 4 842 60 7
20178025: 5 384 741 3 4 7 8 6 343
39807860904: 5 5 18 793 4 35 1 7 89 8
1980327: 39 60 5 98 229
398692578: 1 596 13 6 512 92 667
140882: 9 7 88 1 84
32202383944: 51 2 883 313 4 943
9112491: 329 4 8 6 4 4 912 484 9
120993: 52 4 29 8 27 905 8 70 9
36265848600: 227 96 5 470 708 5
30807284251: 4 1 47 8 8 7 4 4 739 4 7 3
343005: 49 7 7 875 5
120080772: 724 1 72 9 23 71
4743879: 203 607 58 458 77
830479: 49 11 94 77 6 70
11017029: 70 616 6 3 52
18813029: 27 6 71 96 86 7
48711249: 1 1 7 7 5 1 419 26 8 4 4 7
36663842: 6 3 1 4 5 41 92 60 2 2
439568544: 440 6 716 8 123
652202: 71 572 59 861 5
304059708: 95 7 46 705 6 43
348096: 1 1 84 49 6
35390410: 4 69 15 8 73 10
18203136: 7 2 46 8 916 64 6
90823: 78 12 814 1 9
1494167: 303 820 568 6
858480226: 2 1 46 4 799 2 8 4 8
431063405: 1 429 999 64 406
6504840: 4 9 3 634 95
777895: 4 90 823 427 4
127949: 22 6 52 60 2 3 6 359 9 5
22528: 30 102 17 320 24 8 2
21696632: 985 453 8 3 673 654 5
1001: 6 9 4 2 2 1 1 5 9 663 5 4
243218: 90 4 2 2 48 931 26 8 8 2
26161101953: 6 5 768 8 5 9 9 27 7 85 6
1719447719220: 987 70 4 99 931 270
1983289734: 6 66 4 28 31 96 9
67381529: 912 6 8 1 536 41 1 11 3
571958: 3 800 68 8 231
23616050: 695 809 30 7 3 40 2
1883314368: 92 140 8 4 6 3 8 338 9 2
23367309: 5 799 20 97 2 6
203711201787: 7 823 1 651 7 4 1 1 7 8 8
10651: 7 24 7 9 67
255593857: 9 751 53 4 8 4 3 3 6 8 7 2
13048983: 85 81 1 3 572 9 7 11 95
213383736: 8 17 8 263 519 888
5282612622: 4 44 6 515 3 4 5 2 2 4 2 2
14503: 1 7 8 1 7 2 2 9 4 829 5 78
58859263: 928 6 2 7 9 2 8 7 22 37
18005247: 4 371 6 656 8
5942: 1 579 3 5 97 7
824842: 789 34 3 2 77 7 744
869492388: 3 3 6 414 65 9 5 3 7 8 2 1
6535031017: 899 3 9 209 72 13 109
1327200: 6 4 456 5 553
436591: 2 25 6 6 7 45
214222: 5 7 2 2 4 28 79 9 5 920 2
4306547: 37 976 63 6 4 51 93
18294360: 33 11 88 75 927 3 5
181352: 18 403 5 5 4
209912: 26 100 6 318 3 5 14 3
193305811645: 24 163 226 4 56 8
229008312: 564 8 5 176 6 293 4 79
5744250: 7 2 5 9 2 57 4 4 7 333 2 5
639166976777: 8 15 36 8 871 8 9 5 9
79271088: 2 6 4 760 1 6 10 88
8937277: 31 36 7 6 24 5 11 80
81470862: 895 91 8 59 828 899 4
46992449: 25 1 62 1 534 44 7
2647: 4 89 4 3 9 1 3 776 719
2675253: 4 8 2 821 2 9 8 6 726 7 5
111540270: 81 90 156 926 49 2
457470001: 7 1 8 5 3 5 69 25 8 85 1 1
53991: 7 35 2 2 6 7 84 4 5 57 3
156315621: 40 60 5 73 77
68861274: 9 1 9 76 9 84 278 402
40475806291: 995 6 26 2 22 9 54 8 9 2
4147487: 4 147 46 2 7
2108657: 477 442 30 1 5
3696: 179 6 775 31 42 3 597
2939128290: 666 469 9 5 98
1227402535: 1 5 1 9 9 198 5 38
48777391878: 4 73 632 777 3 68 70 1
36377687633: 97 375 2 687 6 3 5
519890: 967 94 70 7
2898414: 93 8 1 621 2 59 2 6 5 4
8857001430: 681 30 32 46 13 33
5015083572: 13 9 8 67 244 7 4 3 572
5581758294885: 560 7 8 451 994 883
3309461448: 713 246 58 8 9
1077262: 1 3 879 122 2
17098288642: 378 8 110 11 53 514
46953382: 432 37 533 78 4
351379: 3 4 11 327 1 379
756583693: 9 8 7 1 7 1 1 313 89 1
351933: 5 38 9 72 94
2808801: 612 76 5 2 6 4 3 9 8 9 1 1
1477: 99 1 9 29 9 9
9629335500: 85 97 25 51 916
102785: 1 31 332 3 74
1971: 15 328 9 3 908 7
12081363180726: 4 8 50 2 722 345 7 29
43607: 44 9 17 30 10 8 753
3439333: 48 44 71 8 85
5713554: 9 77 70 949 570 5
2489: 35 373 6 35 2 4
69833: 6 97 6 7 3
91791078991: 2 29 3 165 7 20 33 818
132300: 2 30 84 6 98 9
338608013132: 716 176 6 788 87 248
22187: 3 910 43 8 1 5
200422: 7 903 2 2 5 22
1484237: 4 357 55 797 1 354 83
992: 26 31 6 2 648
814248033: 54 2 83 150 4 2 598 5
947466682: 30 47 508 7 22 3 346 3
932092: 308 3 93 716 4
331197944: 4 405 541 99 21 17 88
64474270: 21 7 9 3 301 8 7 1 3 9 2 5
48108709: 8 3 833 57 712
9005805621: 3 2 1 96 5 8 6 365 1 6 4
8377: 4 4 486 27 62 512
1147284122726: 573 61 3 2 2 12 27 28
25654894: 2 8 43 29 93 601 1 7
58373572: 6 841 723 8 82 8 2 4
45426493: 2 508 41 89 3
642975503: 56 10 1 8 21 1 36 6 19
51527: 7 6 4 7 5 230 2 8 6 6 371
2668: 56 6 912 86 2
1122087: 67 307 30 74 11
15248104449: 38 3 583 2 879 87 5 6 3
806343862: 17 474 4 1 43 859
97300: 96 910 1 79 307
258856749831: 493 15 90 1 713 8 35
48451069: 527 81 38 5 3 2 5 69
158022144: 20 2 6 4 9 4 4 71 84
2022857: 75 6 8 42 4 757 2 2 254
6273280: 1 7 338 4 580
2735130: 343 3 5 527 3
14968: 6 40 26 1 7 2 8
40722920132: 8 75 316 263 4 4 7 2 73
5328: 12 95 773 6 47
4256208: 42 5 56 7 5 48 7 2
4560349069837: 8 6 174 6 2 3 798 1 98 9
2109718838: 2 824 9 4 39 837 7 9 41
6697: 6 1 695 8 367 640 74
762: 95 11 82 66 3
1154307: 7 4 916 5 1 9 9 1 6 7 52 1
1036: 76 1 64 7 56
1758843588: 9 242 1 484 807
275361: 30 77 3 28 789
601729: 50 82 47 557 89
5551838207: 13 542 5 61 4 8 984
22962993152: 4 456 88 1 9 156 917 8
78266990: 47 75 54 74 3
2867476698: 1 97 31 56 3 2 37 175 4
152417: 18 8 6 593 76 4 2
1431812: 2 798 4 5 8 4 93 7 4 8 5 8
32060445: 7 2 684 8 651
1268338179: 6 8 771 8 612 7
29959398850: 801 2 826 793 47 4
6596802: 62 304 70 5
11130592: 8 133 103 61 44 206
28672: 95 57 3
338751797: 495 669 22 7 74 408 8
8144: 947 8 2 569
78795425517: 605 18 76 93 4 35
37299: 4 8 41 5 3 53
74107366200: 2 370 93 7 5 678 92 73
63569018: 7 7 1 892 1 5 8 9 576 33
9349185773: 56 1 1 83 28 3 8 691 7
126191: 1 4 53 9 571
17253158194: 687 6 9 32 524 6 465 4
43225314299: 83 6 758 8 6 2 5 9 2 535
97415062: 92 5 415 10 6 4
25453366217: 8 9 396 611 1 466 257
683386: 960 825 57 371 3 1
320464: 534 60 4 9 15
126471186: 132 9 1 9 3 2 5 219 9 2 1
78058787: 7 63 531 8 21 4 92 7 6
144751: 420 2 5 3 113
44147779529: 6 8 5 579 5 5 8 2 47 8 6 1
2343: 4 5 258 7 7 6
5436431229: 9 6 3 6 431 1 5 9 1 19 5 2
1727311: 6 1 6 6 1 4 6 7 8 788 15 1
87009101: 4 85 7 97 10 1
699008501: 2 98 699 849 3 10
8229859846: 99 31 893 928 422
1100460: 7 3 963 377 3
2712554: 6 43 67 3 83 38
40139: 67 599 1 3 3
3669830: 3 40 334 31 314 21 91
1788001: 102 45 76 50 8 1
358030236: 6 3 175 31 5 5 561 2 36
149769151958: 166 608 4 2 9 9 458 1 2
26642: 33 30 8
45896445: 903 54 64 94 5
8536529005: 5 7 1 63 43 40 925 19 3
135153216: 586 56 339 621 21
2071292222: 68 7 941 89 332 6 3 2
325468510461: 246 79 46 6 2 510 464
67289990: 7 83 3 856 5 833 9
186287: 7 26 28 393 1 6 7
5294894: 757 37 3 6 7 9 807 8 1
412709680: 5 5 827 7 4 2 2 6 709 1 8
33126563208: 8 1 5 601 3 71 255 64 8
294700: 4 1 4 74 6 7 8 5 73 4 5 7
729310: 13 128 516 84 89 8 5 7
11087: 214 250 84 6 2 115
2590848: 4 2 9 9 9 9 5 7 12 173 3 4
9566: 9 1 479 1 85
136: 5 2 9 4 26
18765611440: 2 484 2 8 88 95 254
3236379034: 5 5 5 5 79 6 7 3 8 6 61 41
1431667: 68 3 440 7 584
329084: 1 95 107 32 380
13639: 2 678 1 75 6
437362: 428 9 29 2 67
3314478485: 2 762 48 5 9 4 62 97 5
265774: 37 235 732 7 5
74884: 13 8 72 4
72342770: 8 79 9 567 22 3 3 758 5
7667092: 9 1 62 2 1 72 516 7 406
426: 5 9 9 13 8
5140915013619: 47 8 3 787 77 7 33 969
11673: 406 8 881 2 9
7156237: 231 4 1 9 2 419 789 9
3933610: 14 428 5 880 7
14817: 9 5 565 254 1
10430701: 3 93 93 402 7
2208054: 901 70 6 379
266522: 3 846 1 3 457 4 131 6 4
2434: 90 5 148 5
10079325128: 36 83 847 251 2 6
51043994: 58 55 4 99 8 1 1 4
137956720327: 30 253 6 2 4 4 95 4 327
324049327: 6 4 43 314 816 511
7838194: 349 507 1 9 11 67 83 4
49052889: 295 4 9 1 7 44 866 9 8 3
6756180: 406 404 755 41 7 234
341853: 739 82 357 8 29
5783445: 4 83 67 260 5
1214515429597: 2 48 347 2 2 7 295 9 4 1
1889: 16 52 7 76 974
311524146: 607 3 2 297 5 4 7 72 90
10427676171: 8 74 38 5 5 5 8 880 4 8
40517292864: 3 7 904 3 83 7 9 7 2 3 9 1
1313346: 53 2 70 177 6
25802469528: 5 3 831 8 6 6 77 5 3 5 7
463200535: 131 8 46 2 8 25 538
94866: 5 34 45 928 83
5868663: 7 2 357 5 15 24 4 5 1 3 5
5154665: 639 5 333 8 1
453766: 72 63 73 86 4
22268831776: 724 5 4 53 3 5 3 2 7 1 5 5
61146: 617 33 3 9 56
43089210624: 7 6 945 7 8 9 7 1 4 37 25
344427854: 3 883 44 751 278 5 3 3
98095303151: 8 25 7 17 98 6 99 12
367348837: 655 98 7 8 39
61257: 2 88 4 87 6
174157: 1 741 57
35776476: 357 76 41 6 7
207655776: 14 224 8 688 9 96
8597408: 6 2 2 3 25 6 6 8 33 977 1
39602511: 10 990 607 4 86
4901392069945: 736 95 701 69 948
14412260: 28 8 1 4 5 8 4 5 1 9 97 46
5776211: 7 2 2 3 5 4 94 8 3 9 413 2
11311996: 1 34 323 73 626 6
13692791900: 444 8 4 59 19 4 9 1 3 6 9
206458608: 64 4 822 38 84 60 48
491934069901: 320 70 6 47 2 623 75
2203120260: 31 7 5 52 921 8 970 9
331934: 5 9 967 8 41
310078517: 8 18 147 379 804
15291633: 95 129 876 1 68
6338782436: 9 4 2 3 4 7 4 5 571 9 4 7
2159: 62 83 8 9 876 1 8 99 2 4
282211: 4 4 6 17 14
2898347548: 9 280 834 75 1 4 9
27107830: 8 76 7 11 6 9 79 218 7 7
6686321: 7 510 151 6 286 18 19
17581385726: 2 84 3 314 67 6 657 2 9
492858281: 74 48 99 6 653 1
7408872: 693 7 410 61 871
140553781: 888 6 555 97 773 8
78179258: 4 73 485 694 261
1793407279: 210 854 72 7 6
9312472: 623 1 94 149 865
3150772000: 70 951 3 37 37 400
88262823: 13 34 6 822 2 824
159229: 1 1 192 99 464 42 7 23
3272749398: 3 779 67 81 2 8 7
18555263: 44 74 42 8 468
21221844: 2 27 454 6 8 3 419 24 9
2493038: 6 2 31 30 4 1
2865803: 2 86 57 49 56
29610: 4 2 57 45 43
40221179722: 6 79 2 7 7 4 2 6 20 2 842
7857655680: 3 31 391 476 480
331583: 9 9 42 499 85
518327779: 549 1 944 70 87 91 2
2859273: 94 8 5 3 276
95113113: 579 93 4 7 5 2 38 4 41 4
10849489168: 349 979 4 31 7 9 162 6
3058593697: 531 300 2 5 2 301 8 12
51215933: 501 68 9 591 2 6
6714079162: 8 885 84 83 905
26476417105: 3 12 7 2 1 3 7 2 6 3 1 105
369751666: 264 14 1 51 6 66
881605764: 152 580 57 14 9 32 6
205839265: 2 72 634 755 595
953723111: 88 3 9 1 692 12 3 40 28
2598: 9 76 9 834 999
5166014455069: 40 4 5 4 21 27 947 7 9 9
2199702: 504 727 1 5 204 6
7224633: 63 9 2 4 633
1769856: 3 3 3 23 2 4 1 2 3 2 8 88
312996579500: 129 70 58 89 85 55
1457: 5 2 2 5 6
39551440115: 525 95 800 940 64 54
13693121400: 821 5 68 92 5 854 57
215550: 118 6 4 42 75
8218: 954 66 8 56 2
254297: 2 930 17 167 8
1360988928: 5 1 68 1 9 63 6 7 5 4 26 6
111395931: 425 9 13 1 4 4 7 4 2 4 7 4
12169585: 72 438 3 14 4
159194: 2 93 3 5 47 7 64 8 7 96
3224439: 9 6 5 7 7 8 4 6 3 3 6 23
4398383: 59 8 49 211 6 6 38 3
153928: 542 34 3 4 1 9 8 88 11 5
27077678: 4 91 4 8 34 9 1 4 8 39 80
8334931024053: 3 8 902 536 9 334 28 3
2204858904: 4 4 4 8 7 7 7 5 372 8 4 6
843964116491: 7 89 5 6 34 19 46 4 6 3 4
10451768063: 32 216 545 36 6 7 23
11181212215: 96 10 61 243 479
783122: 208 4 941 74 97 1 39
9126427: 691 1 10 13 429
550: 1 9 4 31 4 36 6 68 3 7
187978: 5 515 73
365638: 2 5 521 155 533
6753596: 9 6 47 53 46 7
868053259: 89 49 97 201 58
45421650: 1 51 403 21 3 37 649
11207701: 40 28 74 2 99
20838998: 9 449 700 65
16139483758: 6 1 2 72 6 8 4 90 18 7 9 2
382268538277: 910 16 3 6 7 4 1 82 7
20927365: 722 651 5 33 152 8
18211: 88 66 3 7 780
6712113: 5 1 45 26 2 113
39639754: 6 63 9 21 572 67 86
241859115: 38 41 87 29 1 49 5 3
53480704: 140 382 651 50
187759376148: 669 2 5 6 1 6 38 9 5 561
8362414: 16 7 9 8 1 7 1 1 1 980 76
347324: 8 2 66 9 125 4 6 4 107 2
13173916090: 3 5 225 8 696 4 6 4 90
14788904636: 657 3 3 2 682 563 6 11
1058781: 4 9 6 63 95 4
363528218852: 3 99 3 6 825 5 4 8 9 5 3 5
18252: 7 7 3 769 6 2
188470504: 16 5 25 7 5 57 2 6
1639030231: 98 24 9 172 9 9 7 5 1 53
21483558: 341 21 18 6 3
99450: 7 23 612 913 5
494: 2 5 72 2 410
140961678: 57 83 9 61 586 1 94
1014105616: 988 18 7 4 2 5 6 4 6 5 3 8
1381731330: 5 603 6 5 3 5 5 5 97 9 2 7
303664912980: 797 4 9 592 6 187 858
65658684: 65 657 8 8 87
8175689: 4 813 568 9 1
4886005667: 48 39 3 15 2 5 910 41 1
15124352: 166 196 91 95 424
11329: 764 14 79 554
707407128: 6 4 2 7 7 2 482 32 44 18
2975: 1 37 4 5 88 717 3 87 2
35181583: 550 803 4 58 447
6406015: 782 867 6 5 84 385
50784314: 80 723 439 2 796
1520432: 8 48 1 4 179 4
11: 1 5 8
30600: 40 1 765
21529534: 471 1 5 914 266
23557262: 6 5 78 14 5 6 65 4 76
9186909: 93 196 7 9 8
119931: 31 1 4 7 21 35 7 5 8 2 9 3
1951620504888: 9 2 1 81 6 9 423 6 4 8 89
126928: 476 1 266 2 1 44
2988792: 289 9 8 794 1
16750905: 56 37 3 6 990 4 6 956 1
4405: 6 33 74 609 5
1147856454: 1 674 170 26 9 6 456
11410107535: 9 532 19 4 80 9 9 63
670341: 2 19 4 165 282 3 1
2821509: 9 1 31 51 1
233517142: 3 1 3 548 7 746 5 95 9 8
613886: 72 664 2 417 65
180813697: 514 35 5 907 9 1 6 9 3 7
5636918: 729 75 36 8 906 7
351405: 1 590 74 5 8 9 949 535
2658419379602: 92 4 7 173 664 9 411
442007: 115 91 59 42
26195: 1 6 278 7 944 7
30770355390: 9 9 288 7 3 997 2 7 9 96
97665774: 1 208 2 125 2 4 9 1 773
3079166745066: 4 65 981 44 2 7 4 506 6
464817366: 2 79 893 7 6 918
1167: 6 2 377 3
26739114: 29 95 95 66 97
5934894: 5 93 48 71 24
900066675: 406 26 726 393 203
196165: 4 8 1 7 7 5 7 8 67 7 422
245373039: 981 412 79 5 7 5 257
603739: 7 32 34 9 8 77 8 9 1 809
89203532: 466 5 535 59 6 843
31779: 10 2 33 2 2 24
57875: 7 8 46 69 437 9 4 9 2
3640334: 3 580 2 601 35
652410928: 335 3 3 8 7 6 3 8 146 13
4950: 984 547 3 1 8 349
26997: 92 289 406
29922943440: 1 10 579 741 8 10 857
1462357730: 68 56 4 355 538 96
973815: 18 4 10 71 5 5 4 9
637: 4 76 4 6 149
58481257: 717 91 8 9 5 8 4 3 5 4 7 9
1016436: 4 42 488 9 3 6 1 2 383 6
76383228: 8 1 6 8 8 2 84 6 2 8 8 892
237182451813: 8 8 6 1 2 4 7 9 5 1 813
4853517: 387 98 3 5 19
578054: 265 548 79 9 9
154501: 2 7 618 96 57 4 27 88
12800146812: 59 16 77 56 895 1 7 2
91934464: 9 51 1 2 656 304
18120524744: 7 5 24 6 775 3 9 503 4 7
23959: 428 51 5 2 5
6861765417: 59 9 57 4 76 5 416
8711580561783: 87 115 80 47 9 178 4
112719792: 812 161 950 856
27394269: 8 6 8 74 51 9 41 7 9 4 3 3
614: 3 8 603
2178915: 21 3 6 7 1 962 2 2 3 9 1 5
9325892: 38 7 404 50 35
3344696: 2 2 11 76 596 99
195035: 767 35 876 7 986
411102565588: 4 11 102 565 588
401854706: 6 7 622 352 358 407
9462788: 4 5 423 39 788
368626: 1 84 264 50 2
33319913602: 6 5 40 3 8 5 4 730 160 2
699268329: 218 1 24 474 189 87 3
32445779: 8 836 38 603 50 2 61
1973339895659: 81 3 299 20 371 327 2
1543: 1 89 72 9 94
42864245: 933 2 9 5 916 2 7 8 1 5 4
7569874: 84 9 895 6 915
511533: 802 58 7 59 2
15114881: 182 851 236 62 27
1230035795579: 219 649 2 4 2 1 8 4 2 7 4
1321194: 44 30 9 34 263
85789914: 9 666 30 89 703 2 6
3399644948: 7 724 2 44 20 4 947
4362554629838: 8 2 9 4 255 46 293 5 40
5220817: 7 3 1 9 16 276
52421860619: 4 5 8 9 70 2 6 2 6 577 8
79176970: 5 1 4 3 7 4 6 696 6 1 2 5
322767536: 562 24 814 91 4 62
86625: 3 52 5 9 5 7
58469979: 2 8 835 7 19 972 5
23777998: 7 9 2 235 36 7 767 9 99
3438826: 74 92 459
60788364: 7 84 668 36 2
39779600: 4 6 9 592 98 65 7 892
7538177457: 7 5 38 177 4 55 4
1274632690: 4 5 8 956 61 9 9 5 95
9742960: 14 73 9 945 9
778363: 668 1 593 617 6 320
904866: 2 7 6 1 573 866
157137104: 68 229 91 48 23
5595615795: 6 2 13 316 2 688 342
513762: 4 2 492 6 423 9 5
10880023230: 66 9 522 7 6 397 33
39713: 97 2 4 505 31
113000334: 59 1 80 36 5 5 7 3 8 19
45888685: 956 2 24 423 262
925222461: 2 9 18 3 3 46 2 2 2 460
7258626: 3 4 95 4 7 1 28 5 4 4 448
37936082: 936 35 2 3 193
15143842: 5 55 3 88 437 67 74
13860: 3 7 68 15 735 6
1620195415: 52 580 68 790 1 6 209
756: 80 8 88 5 23
5624219: 22 127 8 2 346 17
16271747: 98 1 79 2 629 746
934527: 45 362 45 9 51
103576: 5 8 5 5 67 1 5 78
69984: 15 69 832 9 15 72
15680019: 53 8 66 4 80 18
84864232052: 8 8 3 7 4 384 62 9 4 325
341446021: 1 70 6 6 55 20 55 3 1 8
2399067: 34 8 89 25 99
9718743: 69 939 5 30 95
13471: 63 91 244 99 2
1686171080: 35 942 34 5 564 9 8 7 6
42366: 2 4 706 6
37596964: 93 9 3 6 4 939 25
72398336: 81 893 1 652 33
13259834: 7 1 4 12 54 4 84 93 6 4
579: 5 44 35
320916736: 349 9 4 664 224
6266525496: 1 5 740 830 2 1 54 95
28702916740: 9 13 97 6 49 6 79 5 82
777798: 87 894 4 14
14518996: 444 109 57 8 3
62482428: 1 2 650 89 983 17
187593768: 117 240 11 599 16 9
8320: 4 26 24 74 38 1
73295268: 114 8 6 82 5 1 3 2 40 7 1
3635101: 385 16 7 539 542 449
5236806: 7 9 1 716 5 1 388 8 5 3 8
23602417: 95 248 42 4 16
18879: 6 7 240 110 52
4353426: 8 10 5 7 3 46 54
924: 3 6 57 82 776
1649: 1 179 4 9 1
144015589936: 96 75 5 2 5 2 1 94 967 2
17164: 17 71 57 29 9 449
95672134: 960 103 9 17 9 1 34 4
1006449: 8 20 846 449
12695: 5 4 63 9 3
313203: 33 44 7 97 59 5 601 6
5412262555: 440 4 82 7 75 1 5 7
2525046421: 63 668 10 7 60
10831757: 7 2 94 1 13 7 4 8 4 9 9 8
16435188002: 805 4 8 6 16 847 375 2
437125471: 8 67 3 9 6 7 5 10 4 4 7
4094461: 5 76 17 9 45 92
11030268031: 2 5 54 1 7 7 6 2 4 5 39 52
8126099127: 5 8 5 4 3 3 6 3 8 911 7 9
483785: 9 9 31 867
106943132: 50 9 212 4 37 21 3
186344812: 62 1 131 18 3 16 99
10704755: 254 928 8 2 1 566
583088: 507 1 75 13 5 951
498458: 66 4 110 7 92 3
2889: 2 975 67 596 74 197 5
9858250975: 1 3 405 72 78 47 5 974
46951377: 745 14 12 70 9
25: 9 12 3
19878295: 1 18 1 83 9 4 819 22 43
455804029293463: 53 860 40 292 934 62
4277412563: 118 9 678 67 399 1 2 5
20020290484: 9 355 55 290 484
3183825929: 5 4 93 708 7 478 4 4 3
423010: 66 64 2 80 330
314183012039: 7 9 53 2 1 75 5 120 41
734068: 2 30 5 2 32 14 9 2 7 5 46
100899: 41 7 50 93 179 659
54926: 706 9 76 2 584
1683414324032: 2 8 83 3 6 9 7 784 41 7 4
100239: 2 5 88 2 8 192 8 33
59977: 1 7 92 2 89 9 9 44 8 1 9
6503314: 425 17 9 9 2
8903646: 9 89 89 36 47
906727680: 72 66 7 319 8 5 4 2 9 62
491765: 62 79 3 2 191 8
275995: 3 3 7 7 884 1 289
3136322: 57 55 73 1 5 575
6839446015: 3 97 3 2 2 3 39 6 44 2 86
11508258: 618 45 3 5 347
601639: 642 64 1 764 409
2174368826: 4 3 39 14 2 4 8 3 7 4 711
41861: 465 5 89 1 33
36646786276: 666 732 566 83 9 2 62
94331: 934 1 9 3 3
664170430: 60 369 46 967 110
481887662: 93 82 89 71 72 2
1012020186882: 1 746 5 3 8 7 989 483 9
3717: 17 502 8 7 28
374737861: 53 533 9 8 70
1344360: 2 696 269 53 2 659
1736821: 299 95 7 3 44 6
1376323: 5 8 589 774 32 2
49247353054: 2 392 19 340 5 7 628
2988334: 6 91 78 58 67
21316: 15 5 73 1 1 72 2 4
106916477255049: 8 70 3 580 9 5 470 7 50
5461221198: 482 6 58 12 211 3 5 63
55601: 2 1 51 501 7 8 21
7984386: 9 1 19 78 361 8 7
150198555: 310 9 70 483 48
5002679136: 459 41 26 791 38
392109802: 1 6 4 9 8 5 9 226 5 603 7
5230505: 66 65 49 6 1 3 2 1 5 577
3239776: 9 7 55 935 3
9867829716: 88 67 3 70 3 9 8 618 6
7303: 4 3 6 5 613 74 9 3 6 904
1349044804: 1 52 125 631 71
4309: 525 6 634 60 467
95525056640: 53 9 28 386 1 8 806 76
13795508: 6 541 85 5 8
3454: 9 6 3 8 541 29 580
1987316: 8 45 552 4 7 3
2143039487: 320 109 2 96 64
340655652: 419 813 8 652
3272732878: 5 3 173 2 404 3 8 6 6 8 7
1897967233: 35 75 723 2 84 6 2 3 6
8450338326: 2 9 92 6 6 3 834 6 6 4 2
9346321: 1 86 54 5 216 3 1
166299: 9 7 629 1 9
26313: 2 6 310
30896077210: 1 1 5 7 467 3 5 5 30 8 8 1
476202882: 8 35 78 53 32 4
17106255889: 1 62 3 565 27 8 6 2 24
403682816: 990 692 8 3 182 99 6
23913325432: 9 979 1 118 23 28 1
1723176: 4 79 7 534 9 222 6 1 4 7
494172: 541 1 19 47 9 3 121 2
4694959552: 2 3 328 6 63 2 813 88 6
102004: 30 68 1 5
14242031: 5 7 2 2 4 19 8 1 4 34 7 8
712098712861: 909 7 906 3 8 1 5 96 7 9
186480: 1 84 4 555
756256: 329 568 843 76 9
482436: 43 7 441 5 4 13 81 3
28947240: 53 61 87 70 36
83188: 72 429 2 5 45 79 71 9
14778: 1 48 584 6 9 2
238254: 348 201 5 2 5 614 39 3
1508: 2 7 67 2 36
10300: 9 84 75 91 831
2357763: 5 14 4 577 66
121456387: 40 485 386 77 3
9498853: 6 943 8 1 2 1 2 651 74 7
